# # freq, loss, reflectance, transmittance (in meep units)
4.000000E-01 1.428057E-04 9.895956E-01 1.026159E-02
4.010008E-01 1.464195E-04 9.895578E-01 1.029573E-02
4.020017E-01 1.861013E-04 9.894906E-01 1.032326E-02
4.030025E-01 2.106224E-04 9.894483E-01 1.034103E-02
4.040033E-01 1.896956E-04 9.894480E-01 1.036228E-02
4.050042E-01 1.574920E-04 9.894447E-01 1.039777E-02
4.060050E-01 1.647520E-04 9.893944E-01 1.044090E-02
4.070058E-01 2.066805E-04 9.893159E-01 1.047746E-02
4.080067E-01 2.291353E-04 9.892652E-01 1.050571E-02
4.090075E-01 2.051647E-04 9.892564E-01 1.053848E-02
4.100083E-01 1.736507E-04 9.892414E-01 1.058497E-02
4.110092E-01 1.846747E-04 9.891773E-01 1.063805E-02
4.120100E-01 2.284242E-04 9.890868E-01 1.068473E-02
4.130108E-01 2.485813E-04 9.890269E-01 1.072448E-02
4.140117E-01 2.219041E-04 9.890084E-01 1.076973E-02
4.150125E-01 1.914986E-04 9.889802E-01 1.082826E-02
4.160133E-01 2.061603E-04 9.889013E-01 1.089253E-02
4.170142E-01 2.511820E-04 9.887982E-01 1.095066E-02
4.180150E-01 2.687515E-04 9.887280E-01 1.100322E-02
4.190158E-01 2.396240E-04 9.886982E-01 1.106222E-02
4.200167E-01 2.106551E-04 9.886552E-01 1.113416E-02
4.210175E-01 2.288251E-04 9.885600E-01 1.121117E-02
4.220183E-01 2.746930E-04 9.884429E-01 1.128242E-02
4.230192E-01 2.895568E-04 9.883610E-01 1.134945E-02
4.240200E-01 2.583610E-04 9.883178E-01 1.142387E-02
4.250209E-01 2.312439E-04 9.882577E-01 1.151102E-02
4.260217E-01 2.529165E-04 9.881443E-01 1.160274E-02
4.270225E-01 2.993855E-04 9.880114E-01 1.168920E-02
4.280234E-01 3.115867E-04 9.879156E-01 1.177282E-02
4.290242E-01 2.787715E-04 9.878564E-01 1.186482E-02
4.300250E-01 2.539140E-04 9.877766E-01 1.196947E-02
4.310259E-01 2.790810E-04 9.876425E-01 1.207840E-02
4.320267E-01 3.259313E-04 9.874914E-01 1.218271E-02
4.330275E-01 3.355081E-04 9.873789E-01 1.228562E-02
4.340284E-01 3.014398E-04 9.873006E-01 1.239798E-02
4.350292E-01 2.791300E-04 9.871978E-01 1.252311E-02
4.360300E-01 3.077057E-04 9.870398E-01 1.265245E-02
4.370309E-01 3.547026E-04 9.868673E-01 1.277796E-02
4.380317E-01 3.616880E-04 9.867347E-01 1.290363E-02
4.390325E-01 3.267010E-04 9.866333E-01 1.303998E-02
4.400334E-01 3.072065E-04 9.865034E-01 1.318943E-02
4.410342E-01 3.391603E-04 9.863176E-01 1.334329E-02
4.420350E-01 3.861994E-04 9.861195E-01 1.349432E-02
4.430359E-01 3.907704E-04 9.859620E-01 1.364725E-02
4.440367E-01 3.553168E-04 9.858324E-01 1.381231E-02
4.450375E-01 3.390285E-04 9.856699E-01 1.399111E-02
4.460384E-01 3.745007E-04 9.854507E-01 1.417480E-02
4.470392E-01 4.216787E-04 9.852213E-01 1.435697E-02
4.480400E-01 4.241775E-04 9.850328E-01 1.454305E-02
4.490409E-01 3.888092E-04 9.848682E-01 1.474304E-02
4.500417E-01 3.761887E-04 9.846660E-01 1.495779E-02
4.510425E-01 4.154064E-04 9.844062E-01 1.517835E-02
4.520434E-01 4.629066E-04 9.841380E-01 1.539906E-02
4.530442E-01 4.637124E-04 9.839102E-01 1.562610E-02
4.540450E-01 4.289629E-04 9.837017E-01 1.586929E-02
4.550459E-01 4.204532E-04 9.834507E-01 1.612882E-02
4.560467E-01 4.636719E-04 9.831407E-01 1.639560E-02
4.570475E-01 5.117385E-04 9.828235E-01 1.666476E-02
4.580484E-01 5.112811E-04 9.825454E-01 1.694328E-02
4.590492E-01 4.777281E-04 9.822814E-01 1.724090E-02
4.600500E-01 4.738672E-04 9.819690E-01 1.755715E-02
4.610509E-01 5.215242E-04 9.815956E-01 1.788286E-02
4.620517E-01 5.706355E-04 9.812154E-01 1.821398E-02
4.630525E-01 5.695789E-04 9.808720E-01 1.855837E-02
4.640534E-01 5.380377E-04 9.805362E-01 1.892581E-02
4.650542E-01 5.396572E-04 9.801451E-01 1.931528E-02
4.660550E-01 5.925581E-04 9.796899E-01 1.971751E-02
4.670559E-01 6.435858E-04 9.792271E-01 2.012936E-02
4.680567E-01 6.429534E-04 9.787973E-01 2.055973E-02
4.690575E-01 6.145788E-04 9.783668E-01 2.101861E-02
4.700584E-01 6.228914E-04 9.778726E-01 2.150452E-02
4.710592E-01 6.822836E-04 9.773096E-01 2.200815E-02
4.720601E-01 7.365433E-04 9.767361E-01 2.252740E-02
4.730609E-01 7.377523E-04 9.761897E-01 2.307250E-02
4.740617E-01 7.140742E-04 9.756320E-01 2.365390E-02
4.750626E-01 7.307318E-04 9.749995E-01 2.426978E-02
4.760634E-01 7.983867E-04 9.742907E-01 2.491094E-02
4.770642E-01 8.577352E-04 9.735657E-01 2.557656E-02
4.780651E-01 8.627067E-04 9.728587E-01 2.627862E-02
4.790659E-01 8.457751E-04 9.721258E-01 2.702847E-02
4.800667E-01 8.730715E-04 9.713028E-01 2.782418E-02
4.810676E-01 9.515469E-04 9.703916E-01 2.865689E-02
4.820684E-01 1.018687E-03 9.694537E-01 2.952757E-02
4.830692E-01 1.030185E-03 9.685191E-01 3.045067E-02
4.840701E-01 1.022968E-03 9.675379E-01 3.143910E-02
4.850709E-01 1.064328E-03 9.664443E-01 3.249133E-02
4.860717E-01 1.157554E-03 9.652431E-01 3.359934E-02
4.870726E-01 1.236689E-03 9.639966E-01 3.476676E-02
4.880734E-01 1.259036E-03 9.627292E-01 3.601178E-02
4.890742E-01 1.266217E-03 9.613837E-01 3.735009E-02
4.900751E-01 1.327135E-03 9.598913E-01 3.878157E-02
4.910759E-01 1.441514E-03 9.582584E-01 4.030009E-02
4.920767E-01 1.539583E-03 9.565468E-01 4.191366E-02
4.930776E-01 1.579991E-03 9.547734E-01 4.364657E-02
4.940784E-01 1.609470E-03 9.528709E-01 4.551965E-02
4.950792E-01 1.699278E-03 9.507645E-01 4.753626E-02
4.960801E-01 1.845778E-03 9.484596E-01 4.969459E-02
4.970809E-01 1.974838E-03 9.460146E-01 5.201057E-02
4.980817E-01 2.046077E-03 9.434347E-01 5.451918E-02
4.990826E-01 2.112007E-03 9.406366E-01 5.725136E-02
5.000834E-01 2.247489E-03 9.375338E-01 6.021873E-02
5.010842E-01 2.445984E-03 9.341246E-01 6.342937E-02
5.020851E-01 2.628285E-03 9.304568E-01 6.691491E-02
5.030859E-01 2.754475E-03 9.265144E-01 7.073113E-02
5.040867E-01 2.883978E-03 9.221858E-01 7.493023E-02
5.050876E-01 3.097441E-03 9.173588E-01 7.954373E-02
5.060884E-01 3.386532E-03 9.120099E-01 8.460353E-02
5.070892E-01 3.666235E-03 9.061581E-01 9.017565E-02
5.080901E-01 3.896548E-03 8.997427E-01 9.636076E-02
5.090909E-01 4.145895E-03 8.925942E-01 1.032599E-01
5.100917E-01 4.504837E-03 8.845399E-01 1.109552E-01
5.110926E-01 4.966117E-03 8.754942E-01 1.195396E-01
5.120934E-01 5.438885E-03 8.653985E-01 1.291626E-01
5.130942E-01 5.883012E-03 8.540847E-01 1.400323E-01
5.140951E-01 6.380223E-03 8.412470E-01 1.523727E-01
5.150959E-01 7.039629E-03 8.265586E-01 1.664018E-01
5.160967E-01 7.862900E-03 8.097602E-01 1.823769E-01
5.170976E-01 8.756636E-03 7.905800E-01 2.006633E-01
5.180984E-01 9.682882E-03 7.685751E-01 2.217420E-01
5.190992E-01 1.074579E-02 7.431045E-01 2.461497E-01
5.201001E-01 1.209111E-02 7.134623E-01 2.744465E-01
5.211009E-01 1.374843E-02 6.789749E-01 3.072766E-01
5.221018E-01 1.563137E-02 6.389169E-01 3.454518E-01
5.231026E-01 1.770362E-02 5.923829E-01 3.899135E-01
5.241034E-01 2.008965E-02 5.383742E-01 4.415362E-01
5.251043E-01 2.296970E-02 4.761441E-01 5.008862E-01
5.261051E-01 2.637718E-02 4.056083E-01 5.680146E-01
5.271059E-01 3.014446E-02 3.277247E-01 6.421308E-01
5.281068E-01 3.404363E-02 2.450367E-01 7.209197E-01
5.291076E-01 3.790627E-02 1.624791E-01 7.996147E-01
5.301084E-01 4.153774E-02 8.792485E-02 8.705374E-01
5.311093E-01 4.454080E-02 3.144846E-02 9.240107E-01
5.321101E-01 4.633571E-02 2.772620E-03 9.508917E-01
5.331109E-01 4.646097E-02 7.762459E-03 9.457766E-01
5.341118E-01 4.489191E-02 4.594022E-02 9.091679E-01
5.351126E-01 4.205493E-02 1.106324E-01 8.473127E-01
5.361134E-01 3.852835E-02 1.916593E-01 7.698124E-01
5.371143E-01 3.473693E-02 2.788576E-01 6.864055E-01
5.381151E-01 3.090209E-02 3.645215E-01 6.045764E-01
5.391159E-01 2.718963E-02 4.440139E-01 5.287965E-01
5.401168E-01 2.380060E-02 5.151348E-01 4.610646E-01
5.411176E-01 2.088968E-02 5.772478E-01 4.018626E-01
5.421184E-01 1.845083E-02 6.306791E-01 3.508701E-01
5.431193E-01 1.634815E-02 6.763232E-01 3.073286E-01
5.441201E-01 1.446832E-02 7.152766E-01 2.702551E-01
5.451209E-01 1.281236E-02 7.485438E-01 2.386439E-01
5.461218E-01 1.143042E-02 7.769484E-01 2.116212E-01
5.471226E-01 1.030483E-02 8.012157E-01 1.884795E-01
5.481234E-01 9.337153E-03 8.220424E-01 1.686205E-01
5.491243E-01 8.444869E-03 8.400490E-01 1.515061E-01
5.501251E-01 7.632437E-03 8.557001E-01 1.366675E-01
5.511259E-01 6.948283E-03 8.693175E-01 1.237342E-01
5.521268E-01 6.394748E-03 8.811774E-01 1.124278E-01
5.531276E-01 5.911271E-03 8.915691E-01 1.025196E-01
5.541284E-01 5.443987E-03 9.007576E-01 9.379843E-02
5.551293E-01 5.001790E-03 9.089225E-01 8.607566E-02
5.561301E-01 4.626941E-03 9.161687E-01 7.920432E-02
5.571309E-01 4.326981E-03 9.225951E-01 7.307790E-02
5.581318E-01 4.060588E-03 9.283319E-01 6.760754E-02
5.591326E-01 3.790235E-03 9.335050E-01 6.270475E-02
5.601334E-01 3.525635E-03 9.381879E-01 5.828647E-02
5.611343E-01 3.301492E-03 9.424097E-01 5.428884E-02
5.621351E-01 3.125093E-03 9.462068E-01 5.066809E-02
5.631359E-01 2.965757E-03 9.496474E-01 4.738689E-02
5.641368E-01 2.796111E-03 9.527999E-01 4.440400E-02
5.651376E-01 2.625561E-03 9.556959E-01 4.167854E-02
5.661384E-01 2.482153E-03 9.583379E-01 3.917993E-02
5.671393E-01 2.371540E-03 9.607395E-01 3.688892E-02
5.681401E-01 2.269718E-03 9.629417E-01 3.478863E-02
5.691410E-01 2.156213E-03 9.649859E-01 3.285787E-02
5.701418E-01 2.039844E-03 9.668857E-01 3.107443E-02
5.711426E-01 1.943230E-03 9.686344E-01 2.942238E-02
5.721435E-01 1.870273E-03 9.702369E-01 2.789285E-02
5.731443E-01 1.801595E-03 9.717206E-01 2.647781E-02
5.741451E-01 1.721700E-03 9.731129E-01 2.516539E-02
5.751460E-01 1.638759E-03 9.744188E-01 2.394249E-02
5.761468E-01 1.571034E-03 9.756288E-01 2.280021E-02
5.771476E-01 1.520911E-03 9.767447E-01 2.173442E-02
5.781485E-01 1.472457E-03 9.777864E-01 2.074116E-02
5.791493E-01 1.413904E-03 9.787728E-01 1.981328E-02
5.801501E-01 1.352766E-03 9.797047E-01 1.894252E-02
5.811510E-01 1.303800E-03 9.805726E-01 1.812362E-02
5.821518E-01 1.268177E-03 9.813771E-01 1.735473E-02
5.831526E-01 1.232662E-03 9.821335E-01 1.663386E-02
5.841535E-01 1.188343E-03 9.828552E-01 1.595644E-02
5.851543E-01 1.142089E-03 9.835409E-01 1.531696E-02
5.861551E-01 1.105808E-03 9.841820E-01 1.471217E-02
5.871560E-01 1.079742E-03 9.847789E-01 1.414134E-02
5.881568E-01 1.052846E-03 9.853436E-01 1.360351E-02
5.891576E-01 1.018428E-03 9.858860E-01 1.309558E-02
5.901585E-01 9.827214E-04 9.864036E-01 1.261371E-02
5.911593E-01 9.553041E-04 9.868889E-01 1.215581E-02
5.921601E-01 9.357344E-04 9.873425E-01 1.172173E-02
5.931610E-01 9.147857E-04 9.877742E-01 1.131105E-02
5.941618E-01 8.875085E-04 9.881909E-01 1.092155E-02
5.951626E-01 8.595118E-04 9.885900E-01 1.055047E-02
5.961635E-01 8.384565E-04 9.889651E-01 1.019642E-02
5.971643E-01 8.234168E-04 9.893170E-01 9.859546E-03
5.981651E-01 8.067045E-04 9.896536E-01 9.539696E-03
5.991660E-01 7.847401E-04 9.899800E-01 9.235251E-03
6.001668E-01 7.625269E-04 9.902933E-01 8.944127E-03
6.011676E-01 7.461384E-04 9.905885E-01 8.665403E-03
6.021685E-01 7.343274E-04 9.908663E-01 8.399362E-03
6.031693E-01 7.207224E-04 9.911333E-01 8.145994E-03
6.041701E-01 7.028205E-04 9.913931E-01 7.904071E-03
6.051710E-01 6.850396E-04 9.916430E-01 7.671989E-03
6.061718E-01 6.721356E-04 9.918787E-01 7.449119E-03
6.071726E-01 6.626709E-04 9.921015E-01 7.235809E-03
6.081735E-01 6.514088E-04 9.923165E-01 7.032127E-03
6.091743E-01 6.366887E-04 9.925262E-01 6.837108E-03
6.101751E-01 6.223658E-04 9.927281E-01 6.649491E-03
6.111760E-01 6.121023E-04 9.929191E-01 6.468842E-03
6.121768E-01 6.043734E-04 9.931001E-01 6.295534E-03
6.131776E-01 5.949254E-04 9.932754E-01 6.129668E-03
6.141785E-01 5.827501E-04 9.934468E-01 5.970469E-03
6.151793E-01 5.711658E-04 9.936119E-01 5.816925E-03
6.161802E-01 5.629277E-04 9.937683E-01 5.668738E-03
6.171810E-01 5.565054E-04 9.939172E-01 5.526278E-03
6.181818E-01 5.484983E-04 9.940618E-01 5.389662E-03
6.191827E-01 5.383958E-04 9.942034E-01 5.258252E-03
6.201835E-01 5.290071E-04 9.943398E-01 5.131222E-03
6.211843E-01 5.223383E-04 9.944693E-01 5.008368E-03
6.221852E-01 5.169167E-04 9.945930E-01 4.890049E-03
6.231860E-01 5.100818E-04 9.947135E-01 4.776384E-03
6.241868E-01 5.016940E-04 9.948315E-01 4.666836E-03
6.251877E-01 4.940833E-04 9.949452E-01 4.560722E-03
6.261885E-01 4.886405E-04 9.950535E-01 4.457906E-03
6.271893E-01 4.839989E-04 9.951573E-01 4.358728E-03
6.281902E-01 4.781395E-04 9.952586E-01 4.263303E-03
6.291910E-01 4.711895E-04 9.953576E-01 4.171172E-03
6.301918E-01 4.650303E-04 9.954532E-01 4.081762E-03
6.311927E-01 4.605523E-04 9.955445E-01 3.994986E-03
6.321935E-01 4.565308E-04 9.956323E-01 3.911165E-03
6.331943E-01 4.515008E-04 9.957181E-01 3.830404E-03
6.341952E-01 4.457705E-04 9.958019E-01 3.752306E-03
6.351960E-01 4.408046E-04 9.958828E-01 3.676385E-03
6.361968E-01 4.370912E-04 9.959603E-01 3.602590E-03
6.371977E-01 4.335740E-04 9.960352E-01 3.531221E-03
6.381985E-01 4.292635E-04 9.961084E-01 3.462374E-03
6.391993E-01 4.245784E-04 9.961797E-01 3.395700E-03
6.402002E-01 4.205993E-04 9.962486E-01 3.330781E-03
6.412010E-01 4.174967E-04 9.963149E-01 3.267596E-03
6.422018E-01 4.144000E-04 9.963792E-01 3.206423E-03
6.432027E-01 4.107253E-04 9.964419E-01 3.147349E-03
6.442035E-01 4.069442E-04 9.965030E-01 3.090061E-03
6.452043E-01 4.037856E-04 9.965620E-01 3.034200E-03
6.462052E-01 4.011750E-04 9.966191E-01 2.979766E-03
6.472060E-01 3.984387E-04 9.966745E-01 2.927017E-03
6.482068E-01 3.953353E-04 9.967286E-01 2.876028E-03
6.492077E-01 3.923422E-04 9.967811E-01 2.826520E-03
6.502085E-01 3.898690E-04 9.968320E-01 2.778180E-03
6.512093E-01 3.876589E-04 9.968813E-01 2.731023E-03
6.522102E-01 3.852406E-04 9.969295E-01 2.685291E-03
6.532110E-01 3.826580E-04 9.969763E-01 2.641048E-03
6.542118E-01 3.803568E-04 9.970216E-01 2.598039E-03
6.552127E-01 3.784590E-04 9.970655E-01 2.555993E-03
6.562135E-01 3.765797E-04 9.971085E-01 2.514935E-03
6.572143E-01 3.744501E-04 9.971505E-01 2.475092E-03
6.582152E-01 3.723489E-04 9.971911E-01 2.436518E-03
6.592160E-01 3.706594E-04 9.972304E-01 2.398979E-03
6.602168E-01 3.692473E-04 9.972685E-01 2.362238E-03
6.612177E-01 3.676462E-04 9.973060E-01 2.326330E-03
6.622185E-01 3.657866E-04 9.973427E-01 2.291465E-03
6.632193E-01 3.641355E-04 9.973782E-01 2.257689E-03
6.642202E-01 3.629906E-04 9.974122E-01 2.224786E-03
6.652210E-01 3.619916E-04 9.974455E-01 2.192547E-03
6.662219E-01 3.606299E-04 9.974784E-01 2.161016E-03
6.672227E-01 3.590296E-04 9.975106E-01 2.130387E-03
6.682235E-01 3.578040E-04 9.975415E-01 2.100698E-03
6.692244E-01 3.571474E-04 9.975711E-01 2.071751E-03
6.702252E-01 3.565026E-04 9.976001E-01 2.043358E-03
6.712260E-01 3.553531E-04 9.976291E-01 2.015570E-03
6.722269E-01 3.540072E-04 9.976574E-01 1.988569E-03
6.732277E-01 3.531878E-04 9.976844E-01 1.962385E-03
6.742285E-01 3.529720E-04 9.977102E-01 1.936832E-03
6.752294E-01 3.526345E-04 9.977356E-01 1.911744E-03
6.762302E-01 3.516789E-04 9.977611E-01 1.887177E-03
6.772310E-01 3.505873E-04 9.977861E-01 1.863302E-03
6.782319E-01 3.501584E-04 9.978097E-01 1.840140E-03
6.792327E-01 3.503437E-04 9.978321E-01 1.817518E-03
6.802335E-01 3.502760E-04 9.978544E-01 1.795287E-03
6.812344E-01 3.495035E-04 9.978770E-01 1.773509E-03
6.822352E-01 3.486697E-04 9.978990E-01 1.752342E-03
6.832360E-01 3.486190E-04 9.979196E-01 1.731802E-03
6.842369E-01 3.491718E-04 9.979391E-01 1.711724E-03
6.852377E-01 3.493448E-04 9.979587E-01 1.691978E-03
6.862385E-01 3.487505E-04 9.979786E-01 1.672627E-03
6.872394E-01 3.481805E-04 9.979980E-01 1.653820E-03
6.882402E-01 3.484983E-04 9.980159E-01 1.635566E-03
6.892410E-01 3.493905E-04 9.980329E-01 1.617710E-03
6.902419E-01 3.497823E-04 9.980501E-01 1.600135E-03
6.912427E-01 3.493662E-04 9.980677E-01 1.582909E-03
6.922435E-01 3.490681E-04 9.980848E-01 1.566169E-03
6.932444E-01 3.497466E-04 9.981003E-01 1.549920E-03
6.942452E-01 3.509549E-04 9.981150E-01 1.534014E-03
6.952460E-01 3.515494E-04 9.981301E-01 1.518348E-03
6.962469E-01 3.513157E-04 9.981457E-01 1.502991E-03
6.972477E-01 3.512988E-04 9.981606E-01 1.488072E-03
6.982485E-01 3.523320E-04 9.981741E-01 1.473591E-03
6.992494E-01 3.538373E-04 9.981868E-01 1.459406E-03
7.002502E-01 3.546235E-04 9.981999E-01 1.445427E-03
7.012510E-01 3.545796E-04 9.982137E-01 1.431723E-03
7.022519E-01 3.548545E-04 9.982267E-01 1.418417E-03
7.032527E-01 3.562379E-04 9.982383E-01 1.405502E-03
7.042535E-01 3.580247E-04 9.982491E-01 1.392845E-03
7.052544E-01 3.589966E-04 9.982606E-01 1.380364E-03
7.062552E-01 3.591529E-04 9.982727E-01 1.368131E-03
7.072560E-01 3.597316E-04 9.982840E-01 1.356261E-03
7.082569E-01 3.614630E-04 9.982938E-01 1.344742E-03
7.092577E-01 3.635209E-04 9.983030E-01 1.333447E-03
7.102585E-01 3.646782E-04 9.983130E-01 1.322304E-03
7.112594E-01 3.650500E-04 9.983236E-01 1.311386E-03
7.122602E-01 3.659483E-04 9.983333E-01 1.300801E-03
7.132611E-01 3.680305E-04 9.983414E-01 1.290533E-03
7.142619E-01 3.703565E-04 9.983492E-01 1.280460E-03
7.152627E-01 3.717080E-04 9.983578E-01 1.270519E-03
7.162636E-01 3.723185E-04 9.983669E-01 1.260784E-03
7.172644E-01 3.735591E-04 9.983751E-01 1.251356E-03
7.182652E-01 3.760030E-04 9.983818E-01 1.242215E-03
7.192661E-01 3.786041E-04 9.983882E-01 1.233245E-03
7.202669E-01 3.801680E-04 9.983954E-01 1.224390E-03
7.212677E-01 3.810479E-04 9.984032E-01 1.215726E-03
7.222686E-01 3.826586E-04 9.984100E-01 1.207347E-03
7.232694E-01 3.854795E-04 9.984153E-01 1.199228E-03
7.242702E-01 3.883668E-04 9.984204E-01 1.191259E-03
7.252711E-01 3.901643E-04 9.984264E-01 1.183392E-03
7.262719E-01 3.913439E-04 9.984330E-01 1.175703E-03
7.272727E-01 3.933501E-04 9.984384E-01 1.168279E-03
7.282736E-01 3.965602E-04 9.984423E-01 1.161093E-03
7.292744E-01 3.997428E-04 9.984462E-01 1.154039E-03
7.302752E-01 4.017930E-04 9.984511E-01 1.147076E-03
7.312761E-01 4.032996E-04 9.984564E-01 1.140280E-03
7.322769E-01 4.057232E-04 9.984605E-01 1.133732E-03
7.332777E-01 4.093334E-04 9.984633E-01 1.127404E-03
7.342786E-01 4.128215E-04 9.984660E-01 1.121191E-03
7.352794E-01 4.151456E-04 9.984698E-01 1.115061E-03
7.362802E-01 4.170086E-04 9.984739E-01 1.109089E-03
7.372811E-01 4.198738E-04 9.984768E-01 1.103351E-03
7.382819E-01 4.238993E-04 9.984783E-01 1.097815E-03
7.392827E-01 4.277091E-04 9.984799E-01 1.092382E-03
7.402836E-01 4.303349E-04 9.984826E-01 1.087024E-03
7.412844E-01 4.325896E-04 9.984856E-01 1.081818E-03
7.422852E-01 4.359267E-04 9.984872E-01 1.076834E-03
7.432861E-01 4.403892E-04 9.984876E-01 1.072037E-03
7.442869E-01 4.445449E-04 9.984881E-01 1.067332E-03
7.452877E-01 4.475083E-04 9.984898E-01 1.062696E-03
7.462886E-01 4.501968E-04 9.984916E-01 1.058208E-03
7.472894E-01 4.540422E-04 9.984920E-01 1.053931E-03
7.482902E-01 4.589707E-04 9.984912E-01 1.049828E-03
7.492911E-01 4.635048E-04 9.984907E-01 1.045808E-03
7.502919E-01 4.668496E-04 9.984913E-01 1.041854E-03
7.512927E-01 4.700209E-04 9.984919E-01 1.038044E-03
7.522936E-01 4.744177E-04 9.984911E-01 1.034436E-03
7.532944E-01 4.798489E-04 9.984892E-01 1.030992E-03
7.542952E-01 4.848022E-04 9.984876E-01 1.027623E-03
7.552961E-01 4.885804E-04 9.984871E-01 1.024318E-03
7.562969E-01 4.922912E-04 9.984866E-01 1.021154E-03
7.572977E-01 4.972898E-04 9.984845E-01 1.018186E-03
7.582986E-01 5.032686E-04 9.984814E-01 1.015372E-03
7.592994E-01 5.086914E-04 9.984787E-01 1.012628E-03
7.603003E-01 5.129643E-04 9.984771E-01 1.009947E-03
7.613011E-01 5.172795E-04 9.984753E-01 1.007405E-03
7.623019E-01 5.229388E-04 9.984720E-01 1.005055E-03
7.633028E-01 5.295196E-04 9.984676E-01 1.002850E-03
7.643036E-01 5.354727E-04 9.984638E-01 1.000711E-03
7.653044E-01 5.403118E-04 9.984611E-01 9.986357E-04
7.663053E-01 5.453062E-04 9.984580E-01 9.967003E-04
7.673061E-01 5.516952E-04 9.984534E-01 9.949520E-04
7.683069E-01 5.589437E-04 9.984477E-01 9.933430E-04
7.693078E-01 5.654996E-04 9.984427E-01 9.917974E-04
7.703086E-01 5.709887E-04 9.984387E-01 9.903172E-04
7.713094E-01 5.767487E-04 9.984343E-01 9.889784E-04
7.723103E-01 5.839484E-04 9.984282E-01 9.878240E-04
7.733111E-01 5.919434E-04 9.984213E-01 9.868042E-04
7.743119E-01 5.991894E-04 9.984150E-01 9.858467E-04
7.753128E-01 6.054263E-04 9.984096E-01 9.849578E-04
7.763136E-01 6.120525E-04 9.984037E-01 9.842130E-04
7.773144E-01 6.201584E-04 9.983962E-01 9.836513E-04
7.783153E-01 6.289947E-04 9.983878E-01 9.832213E-04
7.793161E-01 6.370347E-04 9.983801E-01 9.828538E-04
7.803169E-01 6.441346E-04 9.983733E-01 9.825594E-04
7.813178E-01 6.517445E-04 9.983658E-01 9.824133E-04
7.823186E-01 6.608701E-04 9.983567E-01 9.824506E-04
7.833194E-01 6.706617E-04 9.983467E-01 9.826180E-04
7.843203E-01 6.796199E-04 9.983375E-01 9.828499E-04
7.853211E-01 6.877185E-04 9.983291E-01 9.831608E-04
7.863219E-01 6.964504E-04 9.983199E-01 9.836258E-04
7.873228E-01 7.067307E-04 9.983090E-01 9.842758E-04
7.883236E-01 7.176150E-04 9.982973E-01 9.850562E-04
7.893244E-01 7.276403E-04 9.982865E-01 9.859047E-04
7.903253E-01 7.368983E-04 9.982763E-01 9.868399E-04
7.913261E-01 7.469159E-04 9.982651E-01 9.879363E-04
7.923269E-01 7.585127E-04 9.982523E-01 9.892213E-04
7.933278E-01 7.706554E-04 9.982387E-01 9.906388E-04
7.943286E-01 7.819266E-04 9.982259E-01 9.921299E-04
7.953294E-01 7.925352E-04 9.982137E-01 9.937171E-04
7.963303E-01 8.040337E-04 9.982005E-01 9.954745E-04
7.973311E-01 8.171415E-04 9.981854E-01 9.974260E-04
7.983319E-01 8.307434E-04 9.981697E-01 9.995141E-04
7.993328E-01 8.434759E-04 9.981548E-01 1.001683E-03
8.003336E-01 8.556641E-04 9.981404E-01 1.003960E-03
8.013344E-01 8.688776E-04 9.981247E-01 1.006419E-03
8.023353E-01 8.837320E-04 9.981072E-01 1.009079E-03
8.033361E-01 8.990371E-04 9.980891E-01 1.011882E-03
8.043369E-01 9.134918E-04 9.980717E-01 1.014776E-03
8.053378E-01 9.275358E-04 9.980547E-01 1.017792E-03
8.063386E-01 9.427468E-04 9.980363E-01 1.021003E-03
8.073394E-01 9.596346E-04 9.980159E-01 1.024426E-03
8.083403E-01 9.769413E-04 9.979951E-01 1.028001E-03
8.093411E-01 9.934360E-04 9.979749E-01 1.031681E-03
8.103420E-01 1.009671E-03 9.979548E-01 1.035498E-03
8.113428E-01 1.027223E-03 9.979332E-01 1.039527E-03
8.123436E-01 1.046496E-03 9.979097E-01 1.043782E-03
8.133445E-01 1.066171E-03 9.978856E-01 1.048201E-03
8.143453E-01 1.085094E-03 9.978622E-01 1.052741E-03
8.153461E-01 1.103929E-03 9.978386E-01 1.057439E-03
8.163470E-01 1.124246E-03 9.978134E-01 1.062369E-03
8.173478E-01 1.146337E-03 9.977861E-01 1.067541E-03
8.183486E-01 1.168832E-03 9.977583E-01 1.072895E-03
8.193495E-01 1.190665E-03 9.977309E-01 1.078390E-03
8.203503E-01 1.212603E-03 9.977033E-01 1.084067E-03
8.213511E-01 1.236204E-03 9.976738E-01 1.090000E-03
8.223520E-01 1.261650E-03 9.976422E-01 1.096198E-03
8.233528E-01 1.287532E-03 9.976099E-01 1.102598E-03
8.243536E-01 1.312871E-03 9.975780E-01 1.109164E-03
8.253545E-01 1.338540E-03 9.975455E-01 1.115943E-03
8.263553E-01 1.366075E-03 9.975109E-01 1.123008E-03
8.273561E-01 1.395550E-03 9.974741E-01 1.130365E-03
8.283570E-01 1.425524E-03 9.974365E-01 1.137951E-03
8.293578E-01 1.455116E-03 9.973991E-01 1.145735E-03
8.303586E-01 1.485302E-03 9.973609E-01 1.153768E-03
8.313595E-01 1.517587E-03 9.973203E-01 1.162124E-03
8.323603E-01 1.551942E-03 9.972773E-01 1.170806E-03
8.333611E-01 1.586901E-03 9.972333E-01 1.179753E-03
8.343620E-01 1.621692E-03 9.971894E-01 1.188937E-03
8.353628E-01 1.657387E-03 9.971442E-01 1.198414E-03
8.363636E-01 1.695460E-03 9.970963E-01 1.208261E-03
8.373645E-01 1.735778E-03 9.970457E-01 1.218477E-03
8.383653E-01 1.776865E-03 9.969941E-01 1.229003E-03
8.393661E-01 1.818062E-03 9.969421E-01 1.239815E-03
8.403670E-01 1.860537E-03 9.968885E-01 1.250976E-03
8.413678E-01 1.905727E-03 9.968317E-01 1.262564E-03
8.423686E-01 1.953403E-03 9.967720E-01 1.274577E-03
8.433695E-01 2.002091E-03 9.967110E-01 1.286957E-03
8.443703E-01 2.051252E-03 9.966491E-01 1.299686E-03
8.453711E-01 2.102150E-03 9.965850E-01 1.312835E-03
8.463720E-01 2.156183E-03 9.965173E-01 1.326481E-03
8.473728E-01 2.213034E-03 9.964463E-01 1.340625E-03
8.483736E-01 2.271244E-03 9.963735E-01 1.355209E-03
8.493745E-01 2.330405E-03 9.962994E-01 1.370223E-03
8.503753E-01 2.391876E-03 9.962224E-01 1.385745E-03
8.513761E-01 2.457020E-03 9.961411E-01 1.401858E-03
8.523770E-01 2.525440E-03 9.960560E-01 1.418560E-03
8.533778E-01 2.595710E-03 9.959685E-01 1.435797E-03
8.543786E-01 2.667566E-03 9.958789E-01 1.453570E-03
8.553795E-01 2.742466E-03 9.957856E-01 1.471965E-03
8.563803E-01 2.821740E-03 9.956872E-01 1.491069E-03
8.573812E-01 2.904929E-03 9.955842E-01 1.510884E-03
8.583820E-01 2.990662E-03 9.954780E-01 1.531361E-03
8.593828E-01 3.078831E-03 9.953687E-01 1.552510E-03
8.603837E-01 3.171005E-03 9.952546E-01 1.574429E-03
8.613845E-01 3.268492E-03 9.951343E-01 1.597214E-03
8.623853E-01 3.370792E-03 9.950083E-01 1.620870E-03
8.633862E-01 3.476616E-03 9.948780E-01 1.645357E-03
8.643870E-01 3.586038E-03 9.947433E-01 1.670698E-03
8.653878E-01 3.700751E-03 9.946022E-01 1.697006E-03
8.663887E-01 3.822063E-03 9.944535E-01 1.724389E-03
8.673895E-01 3.949465E-03 9.942977E-01 1.752859E-03
8.683903E-01 4.081787E-03 9.941358E-01 1.782387E-03
8.693912E-01 4.219322E-03 9.939677E-01 1.813016E-03
8.703920E-01 4.363917E-03 9.937912E-01 1.844879E-03
8.713928E-01 4.516913E-03 9.936050E-01 1.878098E-03
8.723937E-01 4.677840E-03 9.934095E-01 1.912702E-03
8.733945E-01 4.845707E-03 9.932056E-01 1.948677E-03
8.743953E-01 5.021076E-03 9.929928E-01 1.986092E-03
8.753962E-01 5.205999E-03 9.927689E-01 2.025109E-03
8.763970E-01 5.401913E-03 9.925322E-01 2.065874E-03
8.773978E-01 5.608463E-03 9.922831E-01 2.108437E-03
8.783987E-01 5.824922E-03 9.920223E-01 2.152814E-03
8.793995E-01 6.052208E-03 9.917487E-01 2.199107E-03
8.804003E-01 6.292669E-03 9.914598E-01 2.247519E-03
8.814012E-01 6.547938E-03 9.911538E-01 2.298236E-03
8.824020E-01 6.817901E-03 9.908308E-01 2.351343E-03
8.834028E-01 7.102235E-03 9.904909E-01 2.406897E-03
8.844037E-01 7.402360E-03 9.901326E-01 2.465056E-03
8.854045E-01 7.721075E-03 9.897528E-01 2.526083E-03
8.864053E-01 8.060390E-03 9.893494E-01 2.590223E-03
8.874062E-01 8.420641E-03 9.889217E-01 2.657621E-03
8.884070E-01 8.802144E-03 9.884695E-01 2.728402E-03
8.894078E-01 9.207078E-03 9.879901E-01 2.802808E-03
8.904087E-01 9.638973E-03 9.874798E-01 2.881196E-03
8.914095E-01 1.010053E-02 9.869356E-01 2.963908E-03
8.924103E-01 1.059292E-02 9.863559E-01 3.051187E-03
8.934112E-01 1.111750E-02 9.857392E-01 3.143272E-03
8.944120E-01 1.167769E-02 9.850818E-01 3.240539E-03
8.954128E-01 1.227824E-02 9.843783E-01 3.343500E-03
8.964137E-01 1.292317E-02 9.836242E-01 3.452655E-03
8.974145E-01 1.361512E-02 9.828165E-01 3.568419E-03
8.984153E-01 1.435732E-02 9.819515E-01 3.691224E-03
8.994162E-01 1.515524E-02 9.810231E-01 3.821672E-03
9.004170E-01 1.601589E-02 9.800236E-01 3.960530E-03
9.014178E-01 1.694571E-02 9.789457E-01 4.108578E-03
9.024187E-01 1.795015E-02 9.777833E-01 4.266530E-03
9.034195E-01 1.903575E-02 9.765291E-01 4.435159E-03
9.044204E-01 2.021180E-02 9.751727E-01 4.615459E-03
9.054212E-01 2.148949E-02 9.737019E-01 4.808645E-03
9.064220E-01 2.287992E-02 9.721041E-01 5.015989E-03
9.074229E-01 2.439395E-02 9.703673E-01 5.238749E-03
9.084237E-01 2.604445E-02 9.684772E-01 5.478305E-03
9.094245E-01 2.784792E-02 9.664157E-01 5.736353E-03
9.104254E-01 2.982367E-02 9.641614E-01 6.014904E-03
9.114262E-01 3.199200E-02 9.616919E-01 6.316117E-03
9.124270E-01 3.437441E-02 9.589834E-01 6.642220E-03
9.134279E-01 3.699605E-02 9.560083E-01 6.995683E-03
9.144287E-01 3.988746E-02 9.527331E-01 7.379430E-03
9.154295E-01 4.308379E-02 9.491194E-01 7.796844E-03
9.164304E-01 4.662329E-02 9.451251E-01 8.251583E-03
9.174312E-01 5.054782E-02 9.407047E-01 8.747482E-03
9.184320E-01 5.490557E-02 9.358057E-01 9.288720E-03
9.194329E-01 5.975263E-02 9.303673E-01 9.880024E-03
9.204337E-01 6.515203E-02 9.243214E-01 1.052662E-02
9.214345E-01 7.117182E-02 9.175943E-01 1.123391E-02
9.224354E-01 7.788502E-02 9.101078E-01 1.200722E-02
9.234362E-01 8.537073E-02 9.017776E-01 1.285169E-02
9.244370E-01 9.371316E-02 8.925146E-01 1.377220E-02
9.254379E-01 1.029964E-01 8.822307E-01 1.477282E-02
9.264387E-01 1.132969E-01 8.708473E-01 1.585575E-02
9.274395E-01 1.246747E-01 8.583051E-01 1.702013E-02
9.284404E-01 1.371632E-01 8.445760E-01 1.826073E-02
9.294412E-01 1.507525E-01 8.296810E-01 1.956651E-02
9.304420E-01 1.653653E-01 8.137160E-01 2.091863E-02
9.314429E-01 1.808299E-01 7.968821E-01 2.228801E-02
9.324437E-01 1.968541E-01 7.795124E-01 2.363345E-02
9.334445E-01 2.130073E-01 7.620915E-01 2.490115E-02
9.344454E-01 2.287152E-01 7.452583E-01 2.602647E-02
9.354462E-01 2.432786E-01 7.297831E-01 2.693827E-02
9.364470E-01 2.559264E-01 7.165074E-01 2.756618E-02
9.374479E-01 2.659063E-01 7.062432E-01 2.785047E-02
9.384487E-01 2.725969E-01 6.996505E-01 2.775265E-02
9.394495E-01 2.756120E-01 6.971241E-01 2.726396E-02
9.404504E-01 2.748653E-01 6.987264E-01 2.640829E-02
9.414512E-01 2.705763E-01 7.041853E-01 2.523836E-02
9.424520E-01 2.632193E-01 7.129543E-01 2.382639E-02
9.434529E-01 2.534327E-01 7.243148E-01 2.225254E-02
9.444537E-01 2.419154E-01 7.374901E-01 2.059448E-02
9.454545E-01 2.293366E-01 7.517436E-01 1.891978E-02
9.464554E-01 2.162753E-01 7.664429E-01 1.728177E-02
9.474562E-01 2.031936E-01 7.810879E-01 1.571847E-02
9.484570E-01 1.904356E-01 7.953105E-01 1.425394E-02
9.494579E-01 1.782381E-01 8.088609E-01 1.290096E-02
9.504587E-01 1.667482E-01 8.215877E-01 1.166411E-02
9.514595E-01 1.560417E-01 8.334161E-01 1.054222E-02
9.524604E-01 1.461443E-01 8.443254E-01 9.530215E-03
9.534612E-01 1.370491E-01 8.543303E-01 8.620610E-03
9.544621E-01 1.287282E-01 8.634671E-01 7.804779E-03
9.554629E-01 1.211395E-01 8.717866E-01 7.073954E-03
9.564637E-01 1.142320E-01 8.793483E-01 6.419683E-03
9.574646E-01 1.079520E-01 8.862141E-01 5.833920E-03
9.584654E-01 1.022477E-01 8.924432E-01 5.309070E-03
9.594662E-01 9.707085E-02 8.980910E-01 4.838175E-03
9.604671E-01 9.237539E-02 9.032095E-01 4.415102E-03
9.614679E-01 8.811676E-02 9.078487E-01 4.034508E-03
9.624687E-01 8.425402E-02 9.120544E-01 3.691621E-03
9.634696E-01 8.075191E-02 9.158660E-01 3.382096E-03
9.644704E-01 7.758014E-02 9.193178E-01 3.102051E-03
9.654712E-01 7.471074E-02 9.224411E-01 2.848163E-03
9.664721E-01 7.211679E-02 9.252656E-01 2.617612E-03
9.674729E-01 6.977405E-02 9.278181E-01 2.407890E-03
9.684737E-01 6.766285E-02 9.301205E-01 2.216678E-03
9.694746E-01 6.576706E-02 9.321910E-01 2.041894E-03
9.704754E-01 6.407137E-02 9.340469E-01 1.881780E-03
9.714762E-01 6.256016E-02 9.357050E-01 1.734869E-03
9.724771E-01 6.121935E-02 9.371808E-01 1.599840E-03
9.734779E-01 6.003819E-02 9.384864E-01 1.475433E-03
9.744787E-01 5.900823E-02 9.396313E-01 1.360504E-03
9.754796E-01 5.812054E-02 9.406253E-01 1.254108E-03
9.764804E-01 5.736482E-02 9.414797E-01 1.155480E-03
9.774812E-01 5.673133E-02 9.422047E-01 1.063923E-03
9.784821E-01 5.621267E-02 9.428086E-01 9.787477E-04
9.794829E-01 5.580255E-02 9.432981E-01 8.993319E-04
9.804837E-01 5.549306E-02 9.436817E-01 8.251950E-04
9.814846E-01 5.527390E-02 9.439701E-01 7.559804E-04
9.824854E-01 5.513452E-02 9.441741E-01 6.913665E-04
9.834862E-01 5.506581E-02 9.443032E-01 6.310253E-04
9.844871E-01 5.505889E-02 9.443664E-01 5.746759E-04
9.854879E-01 5.510251E-02 9.443753E-01 5.221439E-04
9.864887E-01 5.518273E-02 9.443439E-01 4.733378E-04
9.874896E-01 5.528543E-02 9.442864E-01 4.281700E-04
9.884904E-01 5.539831E-02 9.442152E-01 3.865247E-04
9.894912E-01 5.550987E-02 9.441418E-01 3.483003E-04
9.904921E-01 5.560725E-02 9.440793E-01 3.134485E-04
9.914929E-01 5.567649E-02 9.440416E-01 2.819431E-04
9.924937E-01 5.570534E-02 9.440409E-01 2.537137E-04
9.934946E-01 5.568536E-02 9.440860E-01 2.286293E-04
9.944954E-01 5.561077E-02 9.441827E-01 2.065438E-04
9.954962E-01 5.547611E-02 9.443366E-01 1.873309E-04
9.964971E-01 5.527645E-02 9.445527E-01 1.708609E-04
9.974979E-01 5.500989E-02 9.448332E-01 1.569604E-04
9.984987E-01 5.467902E-02 9.451756E-01 1.454215E-04
9.994996E-01 5.428909E-02 9.455749E-01 1.360539E-04
1.000500E+00 5.384517E-02 9.460261E-01 1.287120E-04
1.001501E+00 5.335207E-02 9.465247E-01 1.232695E-04
1.002502E+00 5.281650E-02 9.470639E-01 1.195878E-04
1.003503E+00 5.224806E-02 9.476344E-01 1.175331E-04
1.004504E+00 5.165697E-02 9.482260E-01 1.170182E-04
1.005505E+00 5.105130E-02 9.488307E-01 1.180084E-04
1.006505E+00 5.043703E-02 9.494425E-01 1.204822E-04
1.007506E+00 4.982055E-02 9.500550E-01 1.244039E-04
1.008507E+00 4.920974E-02 9.506605E-01 1.297453E-04
1.009508E+00 4.861193E-02 9.512515E-01 1.365198E-04
1.010509E+00 4.803159E-02 9.518236E-01 1.447719E-04
1.011510E+00 4.747098E-02 9.523745E-01 1.545310E-04
1.012510E+00 4.693304E-02 9.529012E-01 1.657936E-04
1.013511E+00 4.642260E-02 9.533988E-01 1.785586E-04
1.014512E+00 4.594432E-02 9.538628E-01 1.928607E-04
1.015513E+00 4.550049E-02 9.542908E-01 2.087499E-04
1.016514E+00 4.509189E-02 9.546819E-01 2.262452E-04
1.017515E+00 4.472061E-02 9.550341E-01 2.453319E-04
1.018515E+00 4.439097E-02 9.553430E-01 2.660129E-04
1.019516E+00 4.410716E-02 9.556045E-01 2.883428E-04
1.020517E+00 4.387096E-02 9.558166E-01 3.123961E-04
1.021518E+00 4.368277E-02 9.559790E-01 3.382170E-04
1.022519E+00 4.354445E-02 9.560897E-01 3.658280E-04
1.023520E+00 4.345993E-02 9.561448E-01 3.952935E-04
1.024520E+00 4.343283E-02 9.561404E-01 4.267485E-04
1.025521E+00 4.346428E-02 9.560754E-01 4.603512E-04
1.026522E+00 4.355422E-02 9.559496E-01 4.962252E-04
1.027523E+00 4.370431E-02 9.557612E-01 5.344798E-04
1.028524E+00 4.391845E-02 9.555063E-01 5.752851E-04
1.029525E+00 4.420020E-02 9.551809E-01 6.188972E-04
1.030525E+00 4.455083E-02 9.547836E-01 6.655947E-04
1.031526E+00 4.497082E-02 9.543136E-01 7.156158E-04
1.032527E+00 4.546280E-02 9.537680E-01 7.691932E-04
1.033528E+00 4.603186E-02 9.531415E-01 8.266451E-04
1.034529E+00 4.668285E-02 9.524287E-01 8.883982E-04
1.035530E+00 4.741857E-02 9.516265E-01 9.549088E-04
1.036530E+00 4.824150E-02 9.507319E-01 1.026596E-03
1.037531E+00 4.915671E-02 9.497394E-01 1.103894E-03
1.038532E+00 5.017202E-02 9.486406E-01 1.187365E-03
1.039533E+00 5.129513E-02 9.474271E-01 1.277720E-03
1.040534E+00 5.253208E-02 9.460922E-01 1.375723E-03
1.041535E+00 5.388914E-02 9.446287E-01 1.482126E-03
1.042535E+00 5.537582E-02 9.430264E-01 1.597739E-03
1.043536E+00 5.700475E-02 9.412717E-01 1.723573E-03
1.044537E+00 5.878886E-02 9.393503E-01 1.860863E-03
1.045538E+00 6.074002E-02 9.372490E-01 2.010962E-03
1.046539E+00 6.287126E-02 9.349535E-01 2.175267E-03
1.047540E+00 6.519977E-02 9.324449E-01 2.355326E-03
1.048540E+00 6.774667E-02 9.297003E-01 2.553020E-03
1.049541E+00 7.053416E-02 9.266952E-01 2.770600E-03
1.050542E+00 7.358445E-02 9.234050E-01 3.010562E-03
1.051543E+00 7.692233E-02 9.198021E-01 3.275581E-03
1.052544E+00 8.057805E-02 9.158533E-01 3.568661E-03
1.053545E+00 8.458694E-02 9.115197E-01 3.893359E-03
1.054545E+00 8.898642E-02 9.067597E-01 4.253851E-03
1.055546E+00 9.381497E-02 9.015303E-01 4.654777E-03
1.056547E+00 9.911458E-02 8.957843E-01 5.101154E-03
1.057548E+00 1.049330E-01 8.894685E-01 5.598530E-03
1.058549E+00 1.113219E-01 8.825249E-01 6.153216E-03
1.059550E+00 1.183326E-01 8.748951E-01 6.772271E-03
1.060550E+00 1.260127E-01 8.665241E-01 7.463156E-03
1.061551E+00 1.344055E-01 8.573612E-01 8.233349E-03
1.062552E+00 1.435468E-01 8.473631E-01 9.090126E-03
1.063553E+00 1.534567E-01 8.365030E-01 1.004027E-02
1.064554E+00 1.641256E-01 8.247851E-01 1.108924E-02
1.065555E+00 1.755001E-01 8.122602E-01 1.223966E-02
1.066555E+00 1.874687E-01 7.990420E-01 1.348932E-02
1.067556E+00 1.998446E-01 7.853262E-01 1.482926E-02
1.068557E+00 2.123442E-01 7.714141E-01 1.624163E-02
1.069558E+00 2.245688E-01 7.577337E-01 1.769744E-02
1.070559E+00 2.360003E-01 7.448453E-01 1.915444E-02
1.071560E+00 2.460206E-01 7.334227E-01 2.055666E-02
1.072560E+00 2.539593E-01 7.242038E-01 2.183693E-02
1.073561E+00 2.591671E-01 7.179097E-01 2.292315E-02
1.074562E+00 2.611114E-01 7.151411E-01 2.374746E-02
1.075563E+00 2.594748E-01 7.162688E-01 2.425646E-02
1.076564E+00 2.542285E-01 7.213514E-01 2.442009E-02
1.077565E+00 2.456505E-01 7.301127E-01 2.423684E-02
1.078565E+00 2.342778E-01 7.419886E-01 2.373362E-02
1.079566E+00 2.208103E-01 7.562297E-01 2.296002E-02
1.080567E+00 2.060006E-01 7.720207E-01 2.197872E-02
1.081568E+00 1.905599E-01 7.885848E-01 2.085529E-02
1.082569E+00 1.750935E-01 8.052562E-01 1.965030E-02
1.083570E+00 1.600677E-01 8.215174E-01 1.841495E-02
1.084570E+00 1.458045E-01 8.370060E-01 1.718946E-02
1.085571E+00 1.324992E-01 8.514976E-01 1.600312E-02
1.086572E+00 1.202492E-01 8.648756E-01 1.487521E-02
1.087573E+00 1.090819E-01 8.771014E-01 1.381668E-02
1.088574E+00 9.897576E-02 8.881917E-01 1.283253E-02
1.089575E+00 8.987481E-02 8.982013E-01 1.192389E-02
1.090575E+00 8.170315E-02 9.072075E-01 1.108933E-02
1.091576E+00 7.437870E-02 9.152958E-01 1.032550E-02
1.092577E+00 6.782156E-02 9.225508E-01 9.627670E-03
1.093578E+00 6.195496E-02 9.290545E-01 8.990574E-03
1.094579E+00 5.670393E-02 9.348870E-01 8.409113E-03
1.095580E+00 5.199717E-02 9.401243E-01 7.878568E-03
1.096580E+00 4.777185E-02 9.448338E-01 7.394358E-03
1.097581E+00 4.397516E-02 9.490729E-01 6.951907E-03
1.098582E+00 4.056070E-02 9.528924E-01 6.546907E-03
1.099583E+00 3.748432E-02 9.563400E-01 6.175663E-03
1.100584E+00 3.470470E-02 9.594602E-01 5.835076E-03
1.101585E+00 3.218724E-02 9.622905E-01 5.522293E-03
1.102585E+00 2.990501E-02 9.648605E-01 5.234484E-03
1.103586E+00 2.783467E-02 9.671963E-01 4.969010E-03
1.104587E+00 2.595242E-02 9.693239E-01 4.723711E-03
1.105588E+00 2.423503E-02 9.712681E-01 4.496876E-03
1.106589E+00 2.266406E-02 9.730490E-01 4.286919E-03
1.107590E+00 2.122677E-02 9.746811E-01 4.092178E-03
1.108590E+00 1.991201E-02 9.761769E-01 3.911072E-03
1.109591E+00 1.870639E-02 9.775512E-01 3.742365E-03
1.110592E+00 1.759595E-02 9.788189E-01 3.585151E-03
1.111593E+00 1.657058E-02 9.799909E-01 3.438562E-03
1.112594E+00 1.562482E-02 9.810736E-01 3.301592E-03
1.113595E+00 1.475363E-02 9.820731E-01 3.173252E-03
1.114595E+00 1.394879E-02 9.829984E-01 3.052820E-03
1.115596E+00 1.320101E-02 9.838592E-01 2.939831E-03
1.116597E+00 1.250456E-02 9.846616E-01 2.833809E-03
1.117598E+00 1.185784E-02 9.854081E-01 2.734109E-03
1.118599E+00 1.125888E-02 9.861010E-01 2.640072E-03
1.119600E+00 1.070204E-02 9.867467E-01 2.551267E-03
1.120601E+00 1.018046E-02 9.873521E-01 2.467471E-03
1.121601E+00 9.690863E-03 9.879207E-01 2.388424E-03
1.122602E+00 9.233770E-03 9.884525E-01 2.313683E-03
1.123603E+00 8.808820E-03 9.889484E-01 2.242782E-03
1.124604E+00 8.411625E-03 9.894129E-01 2.175459E-03
1.125605E+00 8.036667E-03 9.898517E-01 2.111628E-03
1.126606E+00 7.682125E-03 9.902667E-01 2.051151E-03
1.127606E+00 7.349798E-03 9.906565E-01 1.993701E-03
1.128607E+00 7.040137E-03 9.910209E-01 1.938931E-03
1.129608E+00 6.749345E-03 9.913640E-01 1.886677E-03
1.130609E+00 6.472666E-03 9.916904E-01 1.836938E-03
1.131610E+00 6.209250E-03 9.920011E-01 1.789643E-03
1.132611E+00 5.961702E-03 9.922938E-01 1.744537E-03
1.133611E+00 5.730865E-03 9.925678E-01 1.701343E-03
1.134612E+00 5.513166E-03 9.928269E-01 1.659965E-03
1.135613E+00 5.304316E-03 9.930752E-01 1.620452E-03
1.136614E+00 5.104172E-03 9.933131E-01 1.582771E-03
1.137615E+00 4.915884E-03 9.935374E-01 1.546711E-03
1.138616E+00 4.740440E-03 9.937475E-01 1.512042E-03
1.139616E+00 4.574294E-03 9.939470E-01 1.478713E-03
1.140617E+00 4.413459E-03 9.941397E-01 1.446803E-03
1.141618E+00 4.258359E-03 9.943253E-01 1.416303E-03
1.142619E+00 4.112536E-03 9.945004E-01 1.387026E-03
1.143620E+00 3.976975E-03 9.946642E-01 1.358777E-03
1.144621E+00 3.848031E-03 9.948204E-01 1.331537E-03
1.145621E+00 3.721944E-03 9.949727E-01 1.305403E-03
1.146622E+00 3.599625E-03 9.951200E-01 1.280378E-03
1.147623E+00 3.484911E-03 9.952588E-01 1.256294E-03
1.148624E+00 3.378684E-03 9.953883E-01 1.232977E-03
1.149625E+00 3.277131E-03 9.955124E-01 1.210432E-03
1.150626E+00 3.176678E-03 9.956346E-01 1.188770E-03
1.151626E+00 3.078682E-03 9.957533E-01 1.168000E-03
1.152627E+00 2.987212E-03 9.958648E-01 1.147962E-03
1.153628E+00 2.902975E-03 9.959685E-01 1.128502E-03
1.154629E+00 2.821946E-03 9.960684E-01 1.109642E-03
1.155630E+00 2.740724E-03 9.961678E-01 1.091502E-03
1.156631E+00 2.661091E-03 9.962648E-01 1.074093E-03
1.157631E+00 2.587302E-03 9.963554E-01 1.057259E-03
1.158632E+00 2.519833E-03 9.964393E-01 1.040863E-03
1.159633E+00 2.454422E-03 9.965206E-01 1.024939E-03
1.160634E+00 2.387839E-03 9.966025E-01 1.009616E-03
1.161635E+00 2.322290E-03 9.966828E-01 9.949011E-04
1.162636E+00 2.262173E-03 9.967572E-01 9.806432E-04
1.163636E+00 2.207688E-03 9.968256E-01 9.667144E-04
1.164637E+00 2.154321E-03 9.968925E-01 9.531644E-04
1.165638E+00 2.099029E-03 9.969608E-01 9.401250E-04
1.166639E+00 2.044436E-03 9.970280E-01 9.276008E-04
1.167640E+00 1.995052E-03 9.970895E-01 9.154402E-04
